ExpID: 1764669814
Start Location: 485
Number of Location: 300
StartTime: 2025-12-02 05:03:34.575924

Item: 485, Location ID: P0O2kJsOk8UoA_ovVKNGMA_47.609503_-122.336006, lat:47.609503, long:-122.336006, alt172, time(sec): 69.4443712234497
Item: 486, Location ID: LEbN4Rvj8J6Dm2NTh_ECWA_47.591550_-122.315255, lat:47.59155, long:-122.315255, alt196, time(sec): 67.36409783363342
Item: 487, Location ID: dR-ovODAdcYTiuLyYKgytw_47.580548_-122.336705, lat:47.580548, long:-122.336705, alt106, time(sec): 68.38678693771362
Item: 488, Location ID: ZdecN9M4imuX5r17HgMmQw_47.619466_-122.319536, lat:47.619466, long:-122.319536, alt200, time(sec): 74.39026594161987
Item: 489, Location ID: pQ3FBG_4H-2ddcP2TT81qg_47.597547_-122.321462, lat:47.597547, long:-122.321462, alt136, time(sec): 70.38964676856995
