ExpID: 1764665095
Start Location: 480
Number of Location: 300
StartTime: 2025-12-02 03:44:55.708785

Item: 480, Location ID: EwqgFOR7FIe-CN81xWtdtA_47.588370_-122.311573, lat:47.58837, long:-122.311573, alt155, time(sec): 85.69221997261047
Item: 481, Location ID: 9AfNwIXx1LoESz6ahcJaGA_47.605329_-122.311577, lat:47.605329, long:-122.311577, alt193, time(sec): 122.59979200363159
Item: 482, Location ID: 2k2j9flylZMTQ4BW9YicuQ_47.615847_-122.300097, lat:47.615847, long:-122.300097, alt189, time(sec): 177.46957063674927
Item: 483, Location ID: AWDRhFRzempUK0vqzGIXkA_47.606115_-122.302088, lat:47.606115, long:-122.302088, alt188, time(sec): 215.63646006584167
Item: 484, Location ID: 2BddBY4U3wWGzlFnU7eSkQ_47.618161_-122.295498, lat:47.618161, long:-122.295498, alt135, time(sec): 223.7800714969635
