ExpID: 1764625020
Start Location: 173
Number of Location: 300
StartTime: 2025-12-01 16:37:00.760817

Item: 173, Location ID: wy0wPzqMgWvNPp3gNrfStA_47.603219_-122.292675, lat:47.603219, long:-122.292675, alt188, time(sec): 49.13767170906067
Item: 174, Location ID: mRnT4iTve5Bg1zvi-qrqmQ_47.582813_-122.330028, lat:47.582813, long:-122.330028, alt105, time(sec): 83.64084100723267
Item: 175, Location ID: qibD85f5gUgvWcqORPxckw_47.558579_-122.301241, lat:47.558579, long:-122.301241, alt198, time(sec): 132.6433880329132
Item: 176, Location ID: YMQoFO-7kzLgarCf1cM1yw_47.601279_-122.295846, lat:47.601279, long:-122.295846, alt201, time(sec): 202.68809008598328
Item: 177, Location ID: blC8UKRVSPJLmgsw3DYnfw_47.616451_-122.296394, lat:47.616451, long:-122.296394, alt156, time(sec): 184.6585214138031
Item: 178, Location ID: Gh2_a83lnhDpNQoiubkwcg_47.576468_-122.308951, lat:47.576468, long:-122.308951, alt188, time(sec): 287.68751335144043
Item: 179, Location ID: HmL3GTW3Yfn5fEWOLYMQLQ_47.571507_-122.288239, lat:47.571507, long:-122.288239, alt117, time(sec): 318.80124282836914
