ExpID: 1765603718
Start Location: 35
Location: NewYork
Number of Location: 500
StartTime: 2025-12-13 00:28:38.890259

Item: 35, Location ID: ZB1PBKMQmCldG7oDu4yVZg_40.732947_-74.005764, lat:40.732947, long:-74.005764, alt115, time(sec): 131.4594669342041
Item: 36, Location ID: jGRkL8q1MhLbP_JBkSXiLg_40.745860_-73.971921, lat:40.74586, long:-73.971921, alt106, time(sec): 211.34301853179932
Item: 37, Location ID: HByKdPmYe7UDE6I-L2nBpg_40.747727_-74.004149, lat:40.747727, long:-74.004149, alt105, time(sec): 360.3854956626892
Item: 38, Location ID: MoAf3g-BJMZsw8KWj4I-aA_40.733927_-73.996637, lat:40.733927, long:-73.996637, alt119, time(sec): 586.3279938697815
Item: 39, Location ID: csXyq2q6TUM1LGx39wLvFw_40.711640_-74.008203, lat:40.71164, long:-74.008203, alt113, time(sec): 963.3952915668488
Item: 40, Location ID: u-m9MXF7o2RI_uoFNvCGVw_40.764959_-73.964100, lat:40.764959, long:-73.9641, alt143, time(sec): 53018.17708683014
