ExpID: 1765226861
Start Location: 18
Location: NewYork
Number of Location: 500
StartTime: 2025-12-08 15:47:41.926547

Item: 18, Location ID: auVTtXicXvkqDjVARo1jzA_40.707801_-74.004373, lat:40.707801, long:-74.004373, alt114, time(sec): 217.5550298690796
Item: 19, Location ID: BjcT65TCHSrPI9lqyJoaHA_40.710983_-74.004137, lat:40.710983, long:-74.004137, alt106, time(sec): 143.54806447029114
Item: 20, Location ID: 0wj5mPBVb2RIJL1YCZJb5A_40.748554_-73.999888, lat:40.748554, long:-73.999888, alt108, time(sec): 265.41922545433044
Item: 21, Location ID: suSOVAgDW85HXEmzd6dHiQ_40.761939_-73.957347, lat:40.761939, long:-73.957347, alt118, time(sec): 363.51621651649475
Item: 22, Location ID: ptZWq0Y6nsPM14kJ_Dh1ow_40.753380_-74.004098, lat:40.75338, long:-74.004098, alt102, time(sec): 465.48738741874695
Item: 23, Location ID: tqSvkmF6IhEaDLj1f6a2Jw_40.740169_-74.005637, lat:40.740169, long:-74.005637, alt109, time(sec): 607.4353342056274
Item: 24, Location ID: 7N0vfhHDLAJlPF_mCWjMLw_40.769615_-73.948428, lat:40.769615, long:-73.948428, alt100, time(sec): 635.443648815155
Item: 25, Location ID: JM3CuHnmgUzNWNF-6M5XWQ_40.739920_-73.996947, lat:40.73992, long:-73.996947, alt121, time(sec): 1072.5648136138916
Item: 26, Location ID: 4DDSbEpTzTbQFMQ-UWqVvA_40.760231_-73.957103, lat:40.760231, long:-73.957103, alt100, time(sec): 159.4209849834442
Item: 27, Location ID: ZwyBEArVmwJcefBfH3xkOA_40.714042_-73.990424, lat:40.714042, long:-73.990424, alt115, time(sec): 226.5613670349121
