ExpID: 1765597505
Start Location: 31
Location: NewYork
Number of Location: 500
StartTime: 2025-12-12 22:45:05.918020

Item: 31, Location ID: 04dhmx0MDGvhuaT3XDupQQ_40.755452_-73.995650, lat:40.755452, long:-73.99565, alt112, time(sec): 220.19733834266663
Item: 32, Location ID: mkz_ts4wsZzMbvRhNP8l3Q_40.725887_-73.984994, lat:40.725887, long:-73.984994, alt113, time(sec): 118.60684585571289
Item: 33, Location ID: H4yWIzwWdhSxiOMdI-NGPA_40.762320_-73.991977, lat:40.76232, long:-73.991977, alt115, time(sec): 142.53376984596252
Item: 34, Location ID: XSZwP5Jaa86vUzWxD5CBtg_40.757273_-73.964482, lat:40.757273, long:-73.964482, alt134, time(sec): 145.46402835845947
