ExpID: 1765173009
Start Location: 4
Location: NewYork
Number of Location: 500
StartTime: 2025-12-08 00:50:09.548179

Item: 4, Location ID: _ccQ-ERjglV6YfqZhbyW9A_40.721356_-73.993708, lat:40.721356, long:-73.993708, alt117, time(sec): 117.64209294319153
Item: 5, Location ID: 3hludDiA9jeb1KP1NoD39A_40.707633_-74.010270, lat:40.707633, long:-74.01027, alt112, time(sec): 410.7650101184845
Item: 6, Location ID: ICYRbelIShIAEkAdkLJqXw_40.772358_-73.958709, lat:40.772358, long:-73.958709, alt129, time(sec): 549.6324729919434
Item: 7, Location ID: rV3M_w6NHWglF8moW2ZOLg_40.762302_-73.960571, lat:40.762302, long:-73.960571, alt131, time(sec): 697.6436376571655
