ExpID: 1765177289
Start Location: 8
Location: NewYork
Number of Location: 500
StartTime: 2025-12-08 02:01:29.060784

Item: 8, Location ID: 8aITmhzyChScUgm-IE4mTA_40.759813_-73.980218, lat:40.759813, long:-73.980218, alt121, time(sec): 233.41618156433105
Item: 9, Location ID: 4uI2phQe8nSwkEduIT1SiQ_40.768987_-73.963252, lat:40.768987, long:-73.963252, alt135, time(sec): 299.35508966445923
Item: 10, Location ID: IXFMVzxbepHi6KwgyvCwuw_40.714507_-74.006041, lat:40.714507, long:-74.006041, alt168, time(sec): 409.1759192943573
Item: 11, Location ID: _F0tPiapAfxr7brrdGcnVA_40.715777_-73.991437, lat:40.715777, long:-73.991437, alt115, time(sec): 533.2278916835785
Item: 12, Location ID: uMbZxIW-fOzDdCwYfqi2kQ_40.739552_-73.978955, lat:40.739552, long:-73.978955, alt113, time(sec): 753.2455661296844
Item: 13, Location ID: zlKZztwgS28HAzNAsex1qA_40.751174_-73.985127, lat:40.751174, long:-73.985127, alt128, time(sec): 936.3522536754608
Item: 14, Location ID: rRVku0yjk5p1_0quKENs_w_40.711498_-74.017976, lat:40.711498, long:-74.017976, alt100, time(sec): 580.2228333950043
Item: 15, Location ID: iIDmAr8UqLIdIyYn3Q25pQ_40.766200_-73.977579, lat:40.7662, long:-73.977579, alt134, time(sec): 152.18684601783752
Item: 16, Location ID: yCBQVN1dyjDnViHQ2yAang_40.715779_-73.977865, lat:40.715779, long:-73.977865, alt114, time(sec): 86.20491456985474
Item: 17, Location ID: DPTrE2Nw2G7D2ovaiopk4Q_40.710325_-74.014891, lat:40.710325, long:-74.014891, alt106, time(sec): 170.14207530021667
