ExpID: 1758572817
Start Location: 367
Number of Location: 300
StartTime: 2025-09-22 16:26:57.902062

Item: 367, Location ID: TgfPRag0ixhLzGzODVk1jA_40.762533_-73.968904, time(sec): 153.6906373500824
Item: 368, Location ID: CEvNFMVnEOtNfJV9fY9Z9Q_40.723482_-73.985422, time(sec): 232.75695300102234
Item: 369, Location ID: QWu3P0cy1cUo54rSF-oiaQ_40.715135_-73.992674, time(sec): 373.8002722263336
Item: 370, Location ID: KMhK5ANB0LKU4C_o6PkFEA_40.751599_-73.978213, time(sec): 765.8679270744324
Item: 371, Location ID: BJexF9bEQMn0p02nIjIhJA_40.736436_-73.998764, time(sec): 786.9414687156677
Item: 372, Location ID: lEb0XD9kTe70s5ifWQvFNw_40.748003_-73.975336, time(sec): 50.839834451675415
Item: 373, Location ID: Y05WVAQF66pWIefzyfajqQ_40.766920_-73.985422, time(sec): 1105.8603768348694
Item: 374, Location ID: d95CCGhK-mip_GkKUQGHwA_40.756286_-73.986249, time(sec): 245.789546251297
Item: 375, Location ID: _dPdop7c1xPZ6UaqMA9VBQ_40.761398_-73.978157, time(sec): 176.63225102424622
Item: 376, Location ID: ZrBkH3foS6iiGqRl2qxAAg_40.744155_-73.974390, time(sec): 188.81717824935913
