ExpID: 1760999124
Start Location: 794
Number of Location: 9
StartTime: 2025-10-20 18:25:24.600413

Item: 794, Location ID: IUa2p5JOrMzf6xHdsK4ahg_37.785763_-122.404309, lat:37.785763, long:-122.404309, alt121, time(sec): 137.09593558311462
Item: 795, Location ID: ioZS_MJxXBAsFI9aUWnxog_37.779850_-122.400929, lat:37.77985, long:-122.400929, alt105, time(sec): 151.29650115966797
Item: 796, Location ID: 9TFNzNj39-oGlqLBQHQ3uA_37.774536_-122.433769, lat:37.774536, long:-122.433769, alt180, time(sec): 213.18427419662476
Item: 797, Location ID: dRJ2UKlp8_4QepKBqT_npw_37.738991_-122.443521, lat:37.738991, long:-122.443521, alt265, time(sec): 228.40267539024353
Item: 798, Location ID: T5FK9gDa0YbTMOpusc8D_w_37.744612_-122.405100, lat:37.744612, long:-122.4051, alt114, time(sec): 270.2622320652008
